93,35
2,3
2,1
1,3
1,1
0,558
0,540
0,495
0,458
0,457
0,456
0,455
0,446
0,445
0,444
0,443
0,377
0,376
0,375
0,374
0,373
0,372
0,371
0,370
0,369
0,368
0,367
0,338
0,337
0,336
0,335
0,334
0,333
0,332
0,331
0,330
0,327
0,326
0,325
0,324
0,322
0,321
0,320
0,319
0,318
0,305
0,302
0,9
0,0
93,34
93,33
93,32
93,31
93,30
93,29
93,28
93,27
93,26
93,25
93,24
93,23
93,22
93,21
93,20
93,19
93,18
93,17
93,16
93,15
93,14
93,13
93,12
93,11
93,10
93,9
93,8
93,7
93,6
93,5
93,4
93,3
93,2
93,0
0,308
0,307
0,304
0,303
0,12
0,10
0,8
0,204
0,203
0,202
0,201
0,200
0,199
0,198
0,197
0,196
0,195
0,194
0,193
